06/01/2021 74.85 71.58 78.68 71.55 78.14 72.36 76.89 71.35 79.94 78.87 78.07 75.78 77.86 74.04 76.56 72.96 75.07 74.02 70.21 75.56 79.61 72.97 75.29 73.33
06/02/2021 78.57 72.74 77.44 79.40 78.62 77.76 71.74 78.25 70.62 76.25 72.25 75.81 76.83 75.05 78.74 72.71 77.10 71.15 73.20 73.98 79.25 73.26 73.21 74.71
06/03/2021 73.11 75.36 70.09 79.13 78.72 79.89 71.86 72.54 75.96 70.34 75.78 77.57 78.70 70.02 74.80 77.48 70.51 77.79 79.02 75.95 70.76 72.92 71.63 76.64
06/04/2021 73.15 78.51 70.75 76.87 77.40 72.73 73.66 75.75 74.34 72.09 77.27 74.44 75.30 72.44 71.84 70.23 70.32 71.90 71.28 75.13 72.75 74.81 70.02 78.50
06/05/2021 76.31 72.97 74.96 71.50 77.04 75.62 77.35 79.38 76.73 79.79 77.66 73.94 70.93 77.06 78.92 72.78 71.49 78.97 75.06 79.08 75.56 76.39 78.15 73.28
06/06/2021 72.92 78.50 74.27 79.27 78.46 78.27 73.39 70.66 78.03 76.65 72.40 72.98 73.09 77.65 77.70 70.34 78.23 79.44 77.32 78.74 71.37 73.01 78.94 72.51
06/07/2021 75.99 78.36 73.72 77.75 72.05 74.59 74.41 72.95 77.35 74.51 78.70 73.42 78.09 76.72 78.42 76.13 71.11 73.87 78.21 78.39 71.65 73.47 79.49 76.64
06/08/2021 72.48 77.18 75.68 72.46 74.81 75.52 72.02 79.25 71.69 74.14 70.09 78.45 77.95 77.78 71.12 76.34 73.60 71.26 78.37 74.47 73.41 75.13 76.31 73.29
06/09/2021 75.51 74.24 76.28 76.99 79.01 71.58 75.14 73.41 77.52 76.37 77.22 77.92 79.82 76.44 76.30 71.92 77.97 78.21 74.19 73.38 76.83 72.01 76.60 71.64
06/10/2021 76.47 73.25 71.98 76.71 77.90 77.14 72.33 78.88 73.30 74.89 73.83 71.86 72.10 71.89 73.25 72.52 75.44 73.95 76.70 72.16 74.21 77.12 74.45 78.90
06/11/2021 78.74 77.45 72.57 73.82 70.28 77.99 76.68 76.41 77.28 70.18 74.47 70.13 71.29 73.92 73.08 75.91 77.56 79.28 76.68 79.40 78.85 71.83 76.49 76.41
06/12/2021 74.67 79.10 72.31 73.05 74.68 77.63 77.06 72.20 76.44 71.03 77.19 73.98 77.14 70.23 78.76 71.85 79.28 71.98 72.31 74.70 78.82 79.09 72.22 73.06
06/13/2021 76.02 76.65 76.46 71.16 72.69 75.75 70.00 78.13 73.84 74.93 79.96 73.74 73.26 78.58 71.99 72.07 77.43 73.73 72.54 75.18 77.92 79.00 71.22 74.38
06/14/2021 79.51 77.71 75.20 73.80 78.19 73.88 75.48 79.98 71.89 71.70 73.81 72.46 76.32 73.21 77.46 77.84 77.90 75.29 77.40 70.21 73.17 77.63 76.78 78.28
06/15/2021 73.88 78.29 77.83 71.65 74.94 75.75 72.91 74.72 70.30 79.30 78.07 73.52 74.54 70.54 71.46 73.04 75.84 72.01 75.06 76.69 79.16 73.97 76.54 73.92
06/16/2021 76.36 76.02 79.82 75.91 70.02 78.51 74.54 74.78 70.46 73.17 76.85 70.91 70.35 73.76 73.94 71.48 75.26 72.26 79.54 79.66 72.12 76.61 76.18 78.04
06/17/2021 77.74 78.97 73.57 78.42 71.90 74.07 76.71 77.98 73.67 74.42 78.91 74.33 78.38 73.03 70.46 71.02 77.24 72.10 75.60 78.73 74.56 74.15 77.51 70.94
06/18/2021 74.54 75.38 70.84 79.11 77.67 72.97 79.93 77.27 78.42 78.42 76.35 77.13 76.05 78.52 79.23 75.07 76.22 75.32 71.80 79.25 70.27 79.05 78.31 73.56
06/19/2021 75.57 77.61 75.59 73.51 79.47 75.54 79.24 79.72 70.26 78.34 78.24 79.00 77.98 72.03 79.27 76.45 78.11 74.50 75.07 72.94 77.45 70.67 78.83 79.48
06/20/2021 74.76 70.39 77.60 77.54 75.13 76.48 77.84 75.84 75.71 78.36 79.67 75.53 75.55 75.41 71.88 75.73 70.40 71.01 74.01 72.74 79.17 79.96 77.24 71.01
06/21/2021 73.60 79.67 71.27 76.42 71.55 76.73 72.66 73.41 70.28 75.79 75.82 74.33 72.81 77.53 71.41 74.01 76.03 76.83 70.28 75.93 70.69 79.97 70.50 72.12
06/22/2021 77.22 75.76 73.80 74.82 74.81 76.75 74.21 74.81 72.72 73.63 75.88 70.75 77.23 71.81 70.26 75.08 74.83 76.80 76.94 79.50 70.90 76.18 70.97 74.24
06/23/2021 74.74 76.88 76.83 76.86 72.31 75.24 71.98 72.45 70.75 78.65 75.52 76.67 78.53 79.68 72.14 74.50 73.61 78.09 72.25 73.88 79.97 77.54 77.37 71.38
06/24/2021 76.09 76.48 74.24 79.59 76.29 78.62 72.03 78.22 71.80 72.51 72.46 72.71 77.34 72.56 72.05 75.79 75.96 76.43 75.09 74.98 71.44 78.97 71.83 74.83
06/25/2021 72.32 79.73 76.26 73.14 77.42 71.65 70.98 73.14 77.54 74.36 76.99 73.75 74.36 72.29 71.04 76.06 79.03 73.87 72.53 74.07 71.92 74.64 73.23 77.63
06/26/2021 71.07 70.82 76.62 78.22 74.09 73.59 74.81 79.16 74.70 72.17 74.30 74.91 78.48 78.11 73.86 77.85 73.11 72.59 70.43 70.20 71.28 79.19 73.24 78.88
06/27/2021 77.64 72.31 75.86 75.09 71.80 79.40 72.39 70.17 72.99 79.23 73.21 75.70 73.80 74.23 76.09 73.34 70.99 73.22 76.50 78.54 76.84 77.97 73.41 74.31
06/28/2021 72.18 74.19 79.86 77.10 70.41 72.11 71.61 79.33 78.01 73.56 75.82 70.03 74.63 71.67 75.85 79.92 71.59 78.80 78.92 78.11 77.66 77.51 72.46 76.14
06/29/2021 71.22 77.13 76.24 74.92 76.87 73.51 72.45 77.65 78.47 71.88 70.30 73.36 72.41 76.76 73.38 74.29 75.38 75.11 70.63 74.37 76.78 79.61 72.28 73.06
06/30/2021 78.07 72.01 72.98 74.28 72.70 73.99 72.46 75.90 70.55 79.86 76.34 74.93 72.74 76.33 77.33 76.97 75.17 77.58 76.53 79.69 78.18 71.56 79.95 71.35
06/31/2021 75.90 78.55 72.00 71.19 75.64 79.37 77.48 78.60 77.96 72.93 77.13 72.05 70.81 73.17 75.43 77.57 70.51 72.20 78.00 70.09 75.33 73.91 72.35 77.88